450nm
0 0 -0.466051
0 1 0.258619
0 2 -0.000909228
0 3 -0.000396803
0 4 -0.100526

570nm
0 0 -0.469018
0 1 0.252435
0 2 -0.00095261
0 3 -0.00014094
0 4 -0.0510831

675nm
0 0 -0.466083
0 1 0.256674
0 2 -0.00044032
0 3 0.00100769
0 4 -0.0821619

730nm
0 0 -0.468695
0 1 0.254126
0 2 0.000130502
0 3 0.000915649
0 4 -0.0710076
850nm
0 0 -0.449906
0 1 0.282512
0 2 -0.00625238
0 3 -0.00243594
0 4 -0.463175

415nm
0 0 -0.46244593120671423
0 1 0.24716147405973482
0 2 0.00010202323630936172
0 3 -0.00073891672695639921
0 4 -0.00073891672695639921
